0.05
152	152	151	10	10	10	10	10	10	10	10	10	10	10	10	10	10	10	155	152	151	154	10	10	10	10	10	10	10	10	10	10	10	10	10	10	10	10	10	10	10	152	149	10	10	10	151	10	10	10	10	10	10	10	10	10	10	10	10	10	10	152	10	10	10	10	10	10	10	155	10	10	10	10	10	10	10	10	10	10	10	10	10	10	10	154	10	10	10	10	10	10	10	10	10	10	10	10	10	10	
0.1
20	20	162	20	20	20	20	155	20	20	20	20	20	153	20	20	159	20	20	20	20	20	20	152	20	20	20	20	159	156	20	20	20	156	156	20	20	20	20	20	20	20	158	20	20	155	20	20	20	20	20	20	20	155	20	20	20	20	20	20	20	20	20	20	20	154	154	20	156	20	20	20	20	152	20	156	20	158	20	20	150	20	20	158	20	163	20	20	20	20	20	157	20	20	158	20	162	20	20	20	
0.15
31	31	152	165	161	31	165	31	31	31	31	31	169	31	156	31	31	31	163	31	31	31	165	31	163	31	31	162	31	31	31	31	31	164	31	31	31	31	31	31	161	31	31	31	31	31	31	31	157	31	31	31	154	155	31	157	31	31	157	31	31	31	31	31	159	31	158	31	162	31	31	167	31	158	31	31	31	31	31	31	31	31	31	31	31	31	31	31	31	162	31	31	31	31	31	31	31	31	31	159	
0.2
40	166	40	173	40	40	163	170	40	166	40	162	40	174	40	171	168	40	40	40	40	40	40	164	40	40	168	40	164	40	158	175	169	40	40	169	166	40	163	40	40	175	40	40	161	169	40	165	40	164	175	40	40	40	40	40	40	40	40	160	40	40	40	40	40	40	167	40	172	40	40	40	40	166	164	40	40	170	163	40	40	174	40	40	40	40	40	161	40	159	170	40	40	40	40	40	40	40	40	172	
0.25
50	50	50	167	50	165	169	171	50	173	50	159	50	50	179	162	50	166	50	50	50	50	50	50	165	50	172	168	166	50	172	164	50	50	50	169	163	50	165	50	175	170	50	50	50	50	167	50	50	50	173	168	50	50	50	50	169	167	164	50	177	50	50	50	50	50	50	176	168	155	50	50	170	168	170	50	50	50	174	50	50	50	50	171	171	170	50	163	50	158	50	50	168	167	164	50	165	160	50	50	
0.3
169	175	176	169	60	60	169	173	177	60	60	60	60	60	60	175	60	178	173	172	170	167	60	168	171	60	60	60	168	60	176	171	60	177	60	175	60	173	60	176	178	60	60	176	60	172	60	60	168	60	60	60	60	60	173	60	60	177	167	174	60	60	60	60	60	60	177	60	171	167	60	60	161	166	175	60	60	60	175	60	60	60	60	60	60	174	180	60	175	167	60	60	176	60	60	174	60	60	60	171	
0.35
175	167	182	178	70	70	177	165	175	70	175	170	70	177	70	176	170	175	70	178	170	171	177	70	70	180	70	70	169	175	70	172	70	171	70	70	173	177	70	173	70	173	174	175	70	173	70	70	177	172	176	174	175	170	70	70	178	176	70	70	70	176	70	70	70	70	70	174	70	175	70	166	70	70	70	167	70	175	179	181	171	175	172	70	70	70	70	167	182	174	70	70	175	171	70	169	170	175	70	178	
0.4
80	172	181	80	179	181	80	174	80	80	176	80	172	178	176	80	177	80	175	177	181	80	180	180	174	80	80	80	174	80	80	180	173	80	178	179	80	177	80	174	176	178	181	80	172	179	80	177	176	181	166	80	80	174	175	180	178	178	80	164	80	179	182	182	176	80	185	178	80	80	80	80	175	80	80	80	80	179	176	80	188	178	178	176	175	80	169	175	80	178	80	176	177	80	80	185	80	172	80	175	
0.45
90	179	178	181	90	184	176	176	178	187	180	90	176	90	182	90	182	176	90	178	90	177	182	176	181	179	183	90	179	90	180	90	171	175	184	90	90	90	184	90	175	172	175	181	178	90	178	181	175	90	90	182	171	186	185	90	178	182	90	183	176	90	174	90	175	183	90	179	182	171	181	183	182	178	90	90	177	178	177	90	90	179	181	90	90	181	185	178	90	174	90	181	90	90	90	175	90	187	90	90	
0.5
173	100	180	100	178	100	100	180	100	185	180	182	100	183	180	188	100	180	186	100	100	183	189	187	184	182	180	179	180	175	187	186	100	187	100	100	100	189	186	177	181	186	176	188	180	180	182	187	100	183	183	100	184	100	182	181	100	100	100	100	182	100	181	100	178	186	180	185	100	171	181	183	180	181	100	100	184	100	181	188	178	100	100	184	183	100	175	172	177	182	189	183	185	180	184	185	190	176	182	184	
0.55
190	187	186	182	179	110	189	184	185	184	180	110	110	186	185	184	180	185	193	181	183	182	185	110	184	180	180	110	183	187	110	185	183	190	183	190	180	110	110	182	187	190	110	183	176	187	110	188	110	110	185	185	186	189	189	179	110	185	186	110	190	183	182	110	182	190	181	192	186	185	187	179	190	190	181	110	110	188	181	182	185	186	188	190	189	183	191	187	187	188	187	110	187	185	188	184	182	110	173	185	
0.6
120	184	190	193	191	182	120	120	184	186	190	188	188	185	185	187	188	187	187	190	190	120	185	120	188	189	188	182	120	185	185	187	187	187	190	189	182	182	190	183	189	190	188	192	189	189	120	187	180	189	187	190	189	189	186	120	189	184	187	191	187	183	184	189	181	181	187	182	190	183	120	191	191	191	120	189	185	188	186	187	183	188	186	183	190	120	182	186	120	120	191	188	188	120	189	187	120	194	191	190	
0.65
192	130	187	130	183	190	188	187	185	189	130	187	186	189	130	185	188	130	193	187	130	188	187	193	189	187	182	187	190	190	192	189	193	192	183	191	191	190	192	188	184	185	188	188	192	195	182	189	185	187	130	191	191	189	185	191	130	191	192	130	190	190	192	189	190	187	130	191	192	184	195	130	189	186	192	190	130	184	195	190	190	191	186	189	192	195	185	189	193	190	188	194	189	190	187	179	187	185	186	193	
0.7
189	189	188	195	185	186	195	189	187	191	189	140	191	192	189	189	188	190	194	191	189	184	190	194	140	189	140	192	193	188	189	191	188	190	182	140	193	196	190	193	193	192	192	140	193	189	193	194	195	192	195	190	190	191	192	190	192	193	190	189	192	190	192	191	189	192	185	140	189	191	195	190	190	193	188	192	190	192	140	194	188	190	195	189	188	194	193	192	192	195	193	190	191	140	188	186	192	188	192	188	
0.75
191	193	191	189	194	195	196	196	193	193	192	191	197	194	190	192	191	193	193	191	151	190	192	196	195	192	195	194	189	189	191	190	194	194	188	190	195	151	197	151	194	193	191	189	193	192	194	192	196	190	194	193	196	193	191	193	190	194	192	194	189	194	194	193	188	191	196	190	192	190	192	190	191	189	193	194	193	193	194	195	194	193	193	193	192	194	193	194	189	193	191	190	194	196	195	195	191	195	195	193	
0.8
195	192	195	195	194	194	194	197	194	194	196	191	196	196	195	197	195	194	195	196	195	196	196	193	197	193	195	195	194	189	195	194	193	194	194	192	161	193	195	195	195	196	197	196	194	196	192	192	195	194	194	195	161	193	192	197	195	191	194	161	191	196	197	192	196	195	193	195	161	194	193	161	195	195	192	195	193	197	189	194	194	193	195	189	195	198	194	193	194	195	194	191	195	193	197	196	198	191	195	192	
0.85
193	192	195	196	194	197	191	193	197	197	195	193	197	197	198	192	198	195	195	196	197	193	189	198	192	195	195	196	194	195	197	197	196	194	198	197	197	198	195	197	198	196	195	196	199	197	198	196	195	197	193	171	195	200	194	197	197	197	195	195	194	192	196	198	198	194	197	193	196	197	198	196	195	197	196	196	197	198	198	195	196	195	199	197	198	191	195	198	189	194	193	196	195	197	194	198	199	197	199	197	
0.9
197	198	198	198	195	195	196	199	195	198	195	198	198	198	197	196	198	197	199	194	198	195	196	195	198	199	198	197	198	199	198	198	198	196	198	199	198	197	198	198	196	195	199	197	198	198	200	197	196	198	198	197	196	198	196	195	199	197	197	198	198	197	195	197	199	199	191	197	197	196	195	196	198	199	195	197	198	198	196	198	199	198	197	198	197	198	197	199	195	200	199	197	197	197	200	197	196	199	196	198	
0.95
200	198	199	200	198	199	198	198	198	199	198	196	198	199	199	198	200	199	198	199	198	198	199	197	199	199	199	199	199	198	200	200	198	199	199	200	199	199	200	198	199	200	198	200	199	198	198	200	199	199	200	199	200	199	200	200	199	199	200	200	199	200	199	200	200	197	199	197	199	199	200	199	200	199	200	200	199	199	200	198	198	199	197	200	198	198	199	199	200	200	199	198	191	200	199	196	198	197	199	198	
1
200	200	200	200	200	200	200	200	200	200	200	200	200	200	200	200	200	200	200	200	200	200	200	200	200	200	200	200	200	200	200	200	200	200	200	200	200	200	200	200	200	200	200	200	200	200	200	200	200	200	200	200	200	200	200	200	200	200	200	200	200	200	200	200	200	200	200	200	200	200	200	200	200	200	200	200	200	200	200	200	200	200	200	200	200	200	200	200	200	200	200	200	200	200	200	200	200	200	200	200	
