1	38	180	0
2	32	180	0
3	34	180	0
4	29	180	0
5	55	180	1
6	27	180	1
7	44	180	1
8	31	180	0
9	38	180	0
10	50	180	0
11	36	180	0
12	47	180	0
13	49	180	0
14	48	180	0
15	52	180	0
16	45	180	4
17	58	180	0
18	33	180	0
19	34	180	0
20	35	180	0
21	67	180	1
22	49	180	2
23	38	180	1
24	32	180	1
25	55	180	0
26	56	180	0
27	48	180	3
28	32	180	0
29	30	180	1
30	55	180	0
31	34	180	0
32	48	180	0
33	43	180	0
34	86	180	0
35	33	180	0
36	35	180	5
37	36	180	0
38	37	180	2
39	37	180	0
40	34	180	0
41	48	180	0
42	57	180	1
43	63	180	0
44	53	180	7
45	74	180	0
46	44	180	0
47	49	180	0
48	46	180	0
49	36	180	0
50	43	180	0
51	35	180	5
52	35	180	1
53	42	180	1
54	30	180	0
55	38	180	0
56	36	180	2
57	29	180	1
58	37	180	0
59	30	180	0
60	51	180	0
61	32	180	1
62	37	180	0
63	44	180	0
64	34	180	0
65	31	180	0
66	50	180	2
67	87	180	0
68	36	180	0
69	90	180	2
70	33	180	0
71	42	180	2
72	52	180	1
73	28	180	0
74	35	180	0
75	40	180	0
76	32	180	0
77	69	180	0
78	48	180	1
79	65	180	0
80	53	180	0
81	33	180	0
82	55	180	2
83	33	180	3
84	50	180	1
85	36	180	0
86	47	180	1
87	71	180	0
88	30	180	0
89	31	180	0
90	30	180	0
91	42	180	1
92	28	180	0
93	79	180	2
94	34	180	1
95	30	180	1
96	33	180	0
97	44	180	0
98	29	180	5
99	44	180	0
100	34	180	0
101	51	180	1
102	29	180	0
103	29	180	1
104	34	180	0
105	46	180	1
106	51	180	0
107	38	180	2
108	35	180	0
109	34	180	0
110	46	180	0
111	35	180	2
112	34	180	0
113	45	180	1
114	35	180	0
115	40	180	1
116	31	180	1
117	34	180	2
118	49	180	0
119	48	180	0
120	36	180	0
121	30	180	0
122	42	180	1
123	30	180	0
124	32	180	1
125	33	180	1
126	52	180	1
127	30	180	0
128	35	180	0
129	29	180	1
130	37	180	1
131	32	180	0
132	33	180	0
133	34	180	0
134	33	180	0
135	32	180	0
136	35	180	1
137	30	180	0
138	45	180	2
139	36	180	2
140	50	180	0
141	29	180	0
142	33	180	0
143	49	180	1
144	34	180	0
145	78	180	7
146	29	180	0
147	28	180	0
148	35	180	1
149	40	180	1
150	30	180	1
151	36	180	0
152	63	180	0
153	50	180	0
154	65	180	0
155	37	180	0
156	55	180	0
157	54	180	1
158	38	180	2
159	41	180	1
160	30	180	0
161	31	180	0
162	46	180	1
163	39	180	1
164	34	180	0
165	40	180	0
166	38	180	0
167	41	180	1
168	30	180	0
169	29	180	1
170	39	180	1
171	45	180	2
172	78	180	6
173	30	180	0
174	51	180	0
175	30	180	0
176	30	180	1
177	44	180	0
178	50	180	3
179	42	180	0
180	48	180	0
181	31	180	0
182	55	180	0
183	33	180	0
184	28	180	1
185	35	180	0
186	37	180	0
187	38	180	0
188	31	180	0
189	59	180	1
190	49	180	0
191	30	180	1
192	44	180	0
193	31	180	0
194	51	180	1
195	30	180	0
196	60	180	1
197	48	180	0
198	61	180	1
199	30	180	0
200	38	180	2
201	110	180	0
201	29	180	0
202	41	180	1
203	40	180	0
204	44	180	0
205	28	180	2
206	31	180	0
207	30	180	1
208	30	180	1
209	53	180	0
210	37	180	3
211	53	180	0
212	30	180	1
213	39	180	0
214	38	180	0
215	44	180	0
216	40	180	6
217	31	180	2
218	30	180	0
219	50	180	2
220	34	180	1
221	31	180	0
222	31	180	0
223	30	180	0
224	50	180	0
225	32	180	0
226	38	180	4
227	31	180	1
228	41	180	0
229	50	180	0
230	32	180	2
231	48	180	1
232	28	180	0
233	59	180	0
234	33	180	1
235	38	180	1
236	36	180	0
237	45	180	1
238	44	180	0
239	38	180	0
240	48	180	2
241	45	180	1
242	51	180	0
243	29	180	0
244	31	180	0
245	50	180	1
246	30	180	0
247	36	180	1
248	34	180	0
249	61	180	0
250	28	180	0
251	47	180	2
252	53	180	0
253	43	180	0
254	45	180	0
255	33	180	0
256	53	180	0
257	33	180	0
258	40	180	0
259	44	180	0
260	27	180	0
261	33	180	0
262	34	180	0
263	42	180	0
264	39	180	0
265	33	180	1
266	30	180	1
267	49	180	2
268	47	180	0
269	44	180	0
270	34	180	0
271	30	180	1
272	60	180	1
273	30	180	1
274	38	180	2
275	31	180	0
276	31	180	0
277	41	180	0
278	32	180	0
279	45	180	1
280	48	180	0
281	33	180	0
282	37	180	0
283	38	180	0
284	36	180	0
285	32	180	4
286	115	180	2
287	49	180	0
288	32	180	2
289	38	180	0
290	41	180	0
291	33	180	0
292	37	180	0
293	35	180	4
294	41	180	0
295	37	180	0
296	38	180	0
297	29	180	0
298	50	180	0
299	54	180	0
300	44	180	0
301	51	180	2
302	45	180	1
303	30	180	2
304	28	180	0
305	33	180	0
306	34	180	10
307	27	180	0
308	30	180	0
309	29	180	0
310	38	180	0
311	30	180	1
312	31	180	0
313	29	180	0
314	31	180	1
315	37	180	2
316	62	180	6
317	37	180	0
318	48	180	0
319	38	180	1
320	48	180	3
321	60	180	1
322	42	180	0
323	49	180	1
324	30	180	1
325	52	180	1
326	33	180	3
327	30	180	0
328	42	180	1
329	48	180	1
330	52	180	0
331	35	180	4
332	33	180	0
333	34	180	0
334	53	180	3
335	30	180	2
336	47	180	1
337	51	180	0
338	36	180	0
339	29	180	0
340	35	180	0
341	33	180	0
342	49	180	0
343	31	180	0
344	48	180	2
345	33	180	0
346	30	180	0
347	60	180	0
348	32	180	0
349	36	180	0
350	38	180	0
351	40	180	2
352	35	180	0
353	41	180	1
354	32	180	1
355	31	180	1
356	37	180	0
357	38	180	3
358	34	180	0
359	32	180	1
360	56	180	1
361	55	180	2
362	33	180	0
363	30	180	2
364	29	180	2
365	35	180	1
366	33	180	2
367	32	180	0
368	60	180	1
369	44	180	2
370	30	180	2
371	51	180	1
372	48	180	2
373	34	180	0
374	79	180	6
375	44	180	0
376	58	180	14
377	32	180	0
378	65	180	0
379	36	180	0
380	32	180	1
381	45	180	0
382	33	180	2
383	35	180	0
384	46	180	2
385	31	180	0
386	28	180	0
387	35	180	2
388	52	180	5
389	35	180	0
390	56	180	2
391	38	180	0
392	34	180	0
393	35	180	0
394	30	180	3
395	44	180	1
396	33	180	0
397	47	180	0
398	38	180	0
399	37	180	0
400	30	180	0
401	110	180	0
401	50	180	0
402	37	180	0
403	49	180	1
404	30	180	1
405	37	180	1
406	36	180	0
407	33	180	0
408	31	180	0
409	35	180	0
410	37	180	1
411	44	180	2
412	34	180	1
413	45	180	0
414	51	180	0
415	58	180	0
416	80	180	0
417	85	180	1
418	48	180	0
419	28	180	1
420	49	180	0
421	38	180	1
422	29	180	7
423	38	180	0
424	1036	180	180
425	25	180	0
426	34	180	0
427	28	180	0
428	28	180	0
429	23	180	0
430	28	180	0
431	26	180	0
432	25	180	0
433	25	180	0
434	25	180	0
435	27	180	0
436	27	180	0
437	27	180	0
438	28	180	0
439	24	180	0
440	27	180	0
441	25	180	0
442	24	180	0
443	29	180	0
444	29	180	0
445	23	180	0
446	25	180	0
447	22	180	0
448	23	180	0
449	23	180	0
450	27	180	0
451	26	180	0
452	23	180	0
453	24	180	0
454	25	180	0
455	23	180	0
456	26	180	0
457	29	180	0
458	24	180	0
459	25	180	0
460	24	180	0
461	29	180	0
462	26	180	0
463	28	180	0
464	26	180	0
465	30	180	0
466	26	180	0
467	23	180	0
468	28	180	0
469	23	180	0
470	33	180	0
471	27	180	0
472	23	180	0
473	23	180	0
474	28	180	0
475	27	180	0
476	36	180	0
477	30	180	0
478	24	180	0
479	23	180	0
480	26	180	0
481	25	180	0
482	30	180	0
483	26	180	0
484	27	180	0
485	25	180	0
486	26	180	0
487	25	180	0
488	28	180	0
489	23	180	0
490	31	180	0
491	30	180	0
492	25	180	0
493	24	180	0
494	23	180	0
495	25	180	0
496	23	180	0
497	28	180	0
498	25	180	0
499	28	180	0
500	29	180	0
501	25	180	0
502	25	180	0
503	23	180	0
504	23	180	0
505	25	180	0
506	24	180	0
507	26	180	0
508	26	180	0
509	25	180	0
510	31	180	0
511	27	180	0
512	27	180	0
513	21	180	0
514	28	180	0
515	26	180	0
516	27	180	0
517	22	180	0
518	24	180	0
519	27	180	0
520	29	180	0
521	30	180	0
522	33	180	0
523	28	180	0
524	23	180	0
525	25	180	0
526	23	180	0
527	24	180	0
528	30	180	0
529	28	180	0
530	27	180	0
531	24	180	0
532	23	180	0
533	33	180	0
534	28	180	0
535	25	180	0
536	24	180	0
537	25	180	0
538	25	180	0
539	26	180	0
540	25	180	0
541	28	180	0
542	26	180	0
543	24	180	0
544	25	180	0
545	25	180	0
546	24	180	0
547	32	180	0
548	25	180	0
549	28	180	0
550	26	180	0
551	23	180	0
552	25	180	0
553	24	180	0
554	24	180	0
555	25	180	0
556	26	180	0
557	26	180	0
558	25	180	0
559	26	180	0
560	33	180	0
561	23	180	0
562	25	180	0
563	31	180	0
564	25	180	0
565	27	180	0
566	25	180	0
567	23	180	0
568	23	180	0
569	32	180	0
570	24	180	0
571	26	180	0
572	27	180	0
573	27	180	0
574	25	180	0
575	28	180	0
576	27	180	0
577	27	180	0
578	25	180	0
579	30	180	0
580	23	180	0
581	30	180	0
582	27	180	0
583	23	180	0
584	23	180	0
585	25	180	0
586	25	180	0
587	24	180	0
588	24	180	0
589	24	180	0
590	25	180	0
591	26	180	0
592	23	180	0
593	35	180	0
594	26	180	0
595	27	180	0
596	27	180	0
597	27	180	0
598	23	180	0
599	23	180	0
600	30	180	0
601	110	180	0
601	23	180	0
602	30	180	0
603	20	180	0
604	24	180	0
605	25	180	0
606	23	180	0
607	25	180	0
608	24	180	0
609	31	180	0
610	27	180	0
611	22	180	0
612	26	180	0
613	26	180	0
614	27	180	0
615	31	180	0
616	25	180	0
617	24	180	0
618	26	180	0
619	34	180	0
620	26	180	0
621	30	180	0
622	25	180	0
623	29	180	0
624	33	180	0
625	29	180	0
626	25	180	0
627	27	180	0
628	28	180	0
629	24	180	0
630	27	180	0
631	26	180	0
632	27	180	0
633	23	180	0
634	25	180	0
635	25	180	0
636	25	180	0
637	27	180	0
638	23	180	0
639	24	180	0
640	25	180	0
641	28	180	0
642	24	180	0
643	27	180	0
644	27	180	0
645	26	180	0
646	27	180	0
647	28	180	0
648	24	180	0
649	26	180	0
650	22	180	0
651	25	180	0
652	27	180	0
653	25	180	0
654	24	180	0
655	25	180	0
656	24	180	0
657	27	180	0
658	23	180	0
659	23	180	0
660	23	180	0
661	27	180	0
662	27	180	0
663	23	180	0
664	23	180	0
665	22	180	0
666	23	180	0
667	29	180	0
668	29	180	0
669	24	180	0
670	30	180	0
671	23	180	0
672	26	180	0
673	26	180	0
674	23	180	0
675	29	180	0
676	37	180	0
677	26	180	0
678	23	180	0
679	24	180	0
680	28	180	0
681	27	180	0
682	26	180	0
683	26	180	0
684	24	180	0
685	33	180	0
686	30	180	0
687	23	180	0
688	26	180	0
689	28	180	0
690	28	180	0
691	26	180	0
692	26	180	0
693	28	180	0
694	23	180	0
695	25	180	0
696	28	180	0
697	24	180	0
698	23	180	0
699	29	180	0
700	23	180	0
701	29	180	0
702	26	180	0
703	24	180	0
704	24	180	0
705	28	180	0
706	28	180	0
707	24	180	0
708	29	180	0
709	28	180	0
710	26	180	0
711	24	180	0
712	30	180	0
713	30	180	0
714	33	180	0
715	25	180	0
716	27	180	0
717	27	180	0
718	25	180	0
719	24	180	0
720	25	180	0
721	26	180	0
722	31	180	0
723	29	180	0
724	26	180	0
725	26	180	0
726	30	180	0
727	27	180	0
728	26	180	0
729	24	180	0
730	26	180	0
731	24	180	0
732	27	180	0
733	27	180	0
734	25	180	0
735	30	180	0
736	23	180	0
737	28	180	0
738	25	180	0
739	25	180	0
740	26	180	0
741	23	180	0
742	27	180	0
743	27	180	0
744	23	180	0
745	26	180	0
746	30	180	0
747	24	180	0
748	28	180	0
749	25	180	0
750	24	180	0
751	26	180	0
752	23	180	0
753	23	180	0
754	29	180	0
755	26	180	0
756	25	180	0
757	29	180	0
758	23	180	0
759	28	180	0
760	26	180	0
761	25	180	0
762	24	180	0
763	24	180	0
764	24	180	0
765	25	180	0
766	30	180	0
767	24	180	0
768	25	180	0
769	35	180	0
770	26	180	0
771	26	180	0
772	24	180	0
773	23	180	0
774	25	180	0
775	23	180	0
776	27	180	0
777	25	180	0
778	23	180	0
779	26	180	0
780	25	180	0
781	27	180	0
782	27	180	0
783	25	180	0
784	24	180	0
785	25	180	0
786	30	180	0
787	24	180	0
788	23	180	0
789	23	180	0
790	27	180	0
791	25	180	0
792	24	180	0
793	25	180	0
794	25	180	0
795	23	180	0
796	28	180	0
797	29	180	0
798	27	180	0
799	25	180	0
800	23	180	0
801	110	180	0
801	25	180	0
802	24	180	0
803	24	180	0
804	29	180	0
805	25	180	0
806	23	180	0
807	27	180	0
808	26	180	0
809	29	180	0
810	26	180	0
811	27	180	0
812	24	180	0
813	24	180	0
814	29	180	0
815	33	180	0
816	26	180	0
817	24	180	0
818	24	180	0
819	26	180	0
820	23	180	0
821	25	180	0
822	23	180	0
823	24	180	0
824	27	180	0
825	27	180	0
826	29	180	0
827	23	180	0
828	37	180	0
829	33	180	0
830	27	180	0
831	25	180	0
832	33	180	0
833	26	180	0
834	27	180	0
835	29	180	0
836	26	180	0
837	27	180	0
838	25	180	0
839	27	180	0
840	26	180	0
841	27	180	0
842	29	180	0
843	23	180	0
844	23	180	0
845	25	180	0
846	23	180	0
847	24	180	0
848	24	180	0
849	26	180	0
850	27	180	0
851	24	180	0
852	27	180	0
853	27	180	0
854	25	180	0
855	25	180	0
856	27	180	0
857	28	180	0
858	23	180	0
859	23	180	0
860	25	180	0
861	24	180	0
862	21	180	0
863	28	180	0
864	26	180	0
865	26	180	0
866	23	180	0
867	25	180	0
868	27	180	0
869	28	180	0
870	23	180	0
871	27	180	0
872	23	180	0
873	33	180	0
874	25	180	0
875	25	180	0
876	33	180	0
877	22	180	0
878	23	180	0
879	24	180	0
880	26	180	0
881	26	180	0
882	23	180	0
883	30	180	0
884	27	180	0
885	27	180	0
886	28	180	0
887	24	180	0
888	23	180	0
889	24	180	0
890	26	180	0
891	25	180	0
892	26	180	0
893	22	180	0
894	26	180	0
895	23	180	0
896	28	180	0
897	26	180	0
898	28	180	0
899	23	180	0
900	26	180	0
901	26	180	0
902	23	180	0
903	24	180	0
904	26	180	0
905	22	180	0
906	29	180	0
907	23	180	0
908	25	180	0
909	26	180	0
910	26	180	0
911	26	180	0
912	23	180	0
913	26	180	0
914	30	180	0
915	25	180	0
916	24	180	0
917	26	180	0
918	24	180	0
919	31	180	0
920	25	180	0
921	29	180	0
922	28	180	0
923	23	180	0
924	33	180	0
925	26	180	0
926	26	180	0
927	23	180	0
928	24	180	0
929	25	180	0
930	28	180	0
931	28	180	0
932	22	180	0
933	24	180	0
934	45	180	0
935	23	180	0
936	23	180	0
937	23	180	0
938	26	180	0
939	23	180	0
940	27	180	0
941	25	180	0
942	27	180	0
943	26	180	0
944	23	180	0
945	25	180	0
946	28	180	0
947	22	180	0
948	23	180	0
949	25	180	0
950	23	180	0
951	27	180	0
952	25	180	0
953	23	180	0
954	31	180	0
955	27	180	0
956	28	180	0
957	24	180	0
958	28	180	0
959	23	180	0
960	26	180	0
961	27	180	0
962	25	180	0
963	25	180	0
964	27	180	0
965	24	180	0
966	22	180	0
967	26	180	0
968	23	180	0
969	24	180	0
970	29	180	0
971	24	180	0
972	26	180	0
973	27	180	0
974	28	180	0
975	22	180	0
976	21	180	0
977	23	180	0
978	27	180	0
979	36	180	0
980	26	180	0
981	27	180	0
982	23	180	0
983	29	180	0
984	23	180	0
985	27	180	0
986	26	180	0
987	24	180	0
988	23	180	0
989	30	180	1
990	26	180	0
991	23	180	0
992	23	180	0
993	23	180	0
994	26	180	0
995	25	180	0
996	30	180	0
997	28	180	0
998	25	180	0
999	23	180	0
1000	25	180	0
1001	110	180	0
