1	1130	120	109
2	170	120	0
3	134	120	0
4	118	120	0
5	130	120	0
6	56	120	0
7	85	120	0
8	127	120	1
9	126	120	0
10	88	120	0
11	93	120	0
12	87	120	0
13	44	120	0
14	58	120	0
15	94	120	0
16	46	120	0
17	60	120	0
18	98	120	0
19	86	120	0
20	81	120	0
21	53	120	0
22	45	120	0
23	79	120	0
24	79	120	0
25	120	120	0
26	80	120	0
27	112	120	0
28	92	120	0
29	68	120	0
30	58	120	0
31	93	120	0
32	87	120	1
33	75	120	0
34	82	120	0
35	172	120	0
36	72	120	0
37	54	120	0
38	69	120	0
39	71	120	0
40	92	120	0
41	93	120	0
42	51	120	0
43	120	120	0
44	109	120	0
45	103	120	0
46	136	120	0
47	69	120	0
48	57	120	0
49	149	120	0
50	95	120	0
51	55	120	0
52	90	120	0
53	83	120	0
54	145	120	1
55	84	120	0
56	100	120	0
57	62	120	0
58	93	120	0
59	111	120	0
60	59	120	0
61	93	120	0
62	50	120	0
63	58	120	0
64	92	120	0
65	125	120	0
66	59	120	0
67	58	120	0
68	68	120	0
69	98	120	0
70	68	120	0
71	82	120	0
72	55	120	0
73	65	120	0
74	67	120	0
75	1146	120	0
76	140	120	0
77	98	120	0
78	68	120	0
79	85	120	0
80	60	120	0
81	48	120	0
82	60	120	0
83	45	120	0
84	1144	120	0
85	105	120	0
86	144	120	0
87	65	120	0
88	51	120	0
89	40	120	0
90	41	120	0
91	45	120	0
92	42	120	0
93	1138	120	0
94	117	120	0
95	84	120	0
96	67	120	0
97	55	120	0
98	40	120	0
99	43	120	0
100	50	120	0
101	39	120	0
102	41	120	0
103	54	120	0
104	34	120	0
105	31	120	0
106	40	120	0
107	43	120	0
108	39	120	0
109	32	120	0
110	53	120	0
111	39	120	0
112	44	120	0
113	40	120	0
114	41	120	0
115	41	120	0
116	37	120	0
117	30	120	0
118	36	120	0
119	43	120	0
120	50	120	0
121	41	120	0
122	42	120	0
123	43	120	0
124	45	120	0
125	46	120	0
126	42	120	0
127	43	120	0
128	37	120	0
129	50	120	0
130	40	120	0
131	38	120	0
132	44	120	0
133	41	120	0
134	42	120	0
135	41	120	0
136	43	120	0
137	40	120	0
138	39	120	0
139	50	120	0
140	50	120	0
141	38	120	0
142	40	120	0
143	37	120	0
144	39	120	0
145	54	120	0
146	44	120	0
147	37	120	0
148	52	120	0
149	42	120	0
150	40	120	0
151	44	120	0
152	45	120	0
153	42	120	0
154	40	120	0
155	39	120	0
156	41	120	0
157	42	120	0
158	42	120	0
159	33	120	0
160	43	120	0
161	38	120	0
162	43	120	0
163	42	120	0
164	50	120	0
165	36	120	0
166	39	120	0
167	43	120	0
168	48	120	0
169	32	120	0
170	34	120	0
171	42	120	0
172	52	120	0
173	41	120	0
174	37	120	0
175	40	120	0
176	42	120	0
177	42	120	0
178	39	120	0
179	44	120	0
180	43	120	0
181	38	120	0
182	42	120	0
183	43	120	0
184	41	120	0
185	38	120	0
186	51	120	0
187	42	120	0
188	39	120	0
189	43	120	0
190	39	120	0
191	40	120	0
192	42	120	0
193	50	120	0
194	39	120	0
195	40	120	0
196	41	120	0
197	43	120	0
198	47	120	0
199	42	120	0
200	41	120	0
202	150	120	0
202	1148	120	80
203	227	120	0
204	306	120	0
205	142	120	0
206	79	120	0
207	101	120	0
208	56	120	0
209	77	120	0
210	73	120	0
211	54	120	0
212	83	120	0
213	87	120	0
214	89	120	0
215	79	120	0
216	86	120	0
217	56	120	0
218	54	120	0
219	56	120	0
220	81	120	0
221	56	120	0
222	60	120	0
223	58	120	0
224	51	120	0
225	60	120	0
226	106	120	0
227	107	120	0
228	56	120	0
229	1148	120	0
230	227	120	0
231	82	120	0
232	68	120	0
233	53	120	0
234	41	120	0
235	1142	120	0
236	100	120	0
237	1150	120	0
238	200	120	0
239	112	120	0
240	1148	120	0
241	416	120	0
242	256	120	0
243	174	120	0
244	118	120	0
245	134	120	0
246	104	120	0
247	75	120	0
248	67	120	0
249	1148	120	0
250	100	120	0
251	93	120	0
252	90	120	0
253	70	120	0
254	39	120	0
255	32	120	0
256	30	120	0
257	40	120	0
258	30	120	0
259	39	120	0
260	38	120	0
261	29	120	0
262	29	120	0
263	30	120	0
264	29	120	0
265	29	120	0
266	40	120	0
267	39	120	0
268	43	120	0
269	43	120	0
270	29	120	0
271	30	120	0
272	41	120	0
273	40	120	0
274	43	120	0
275	38	120	0
276	32	120	0
277	42	120	0
278	30	120	0
279	44	120	0
280	38	120	0
281	38	120	0
282	33	120	0
283	38	120	0
284	41	120	0
285	41	120	0
286	41	120	0
287	28	120	0
288	40	120	0
289	28	120	0
290	38	120	0
291	35	120	0
292	38	120	0
293	33	120	0
294	41	120	0
295	40	120	0
296	41	120	0
297	30	120	0
298	40	120	0
299	41	120	0
300	39	120	0
301	41	120	0
302	41	120	0
303	40	120	0
304	28	120	0
305	37	120	0
306	34	120	0
307	40	120	0
308	30	120	0
309	30	120	0
310	38	120	0
311	28	120	0
312	29	120	0
313	30	120	0
314	38	120	0
315	1148	120	0
316	102	120	0
317	58	120	0
318	48	120	0
319	47	120	0
320	32	120	0
321	29	120	0
322	30	120	0
323	42	120	0
324	36	120	0
325	40	120	0
326	29	120	0
327	40	120	0
328	30	120	0
329	29	120	0
330	30	120	0
331	38	120	0
332	32	120	0
333	38	120	0
334	41	120	0
335	40	120	0
336	30	120	0
337	37	120	0
338	30	120	0
339	38	120	0
340	40	120	0
341	36	120	0
342	40	120	0
343	41	120	0
344	1148	120	0
345	77	120	0
346	66	120	0
347	38	120	0
348	48	120	0
349	40	120	0
350	1144	120	0
351	75	120	0
352	60	120	0
353	48	120	0
354	47	120	0
355	30	120	0
356	31	120	0
357	41	120	0
358	30	120	0
359	30	120	0
360	40	120	0
361	37	120	0
362	38	120	0
363	29	120	0
364	1148	120	0
365	87	120	0
366	64	120	0
367	49	120	0
368	37	120	0
369	30	120	0
370	29	120	0
371	30	120	0
372	30	120	0
373	28	120	0
374	26	120	0
375	35	120	0
376	28	120	0
377	33	120	0
378	31	120	0
379	30	120	0
380	37	120	0
381	37	120	0
382	27	120	0
383	30	120	0
384	29	120	0
385	30	120	0
386	30	120	0
387	34	120	0
388	41	120	0
389	30	120	0
390	37	120	0
391	30	120	0
392	40	120	0
393	29	120	0
394	40	120	0
395	36	120	0
396	40	120	0
397	30	120	0
398	31	120	0
399	40	120	0
400	32	120	0
401	38	120	0
403	150	120	0
403	1140	120	96
404	1148	120	0
405	268	120	0
406	205	120	0
407	252	120	0
408	185	120	0
409	1148	120	0
410	262	120	0
411	240	120	0
412	176	120	0
413	131	120	0
414	83	120	0
415	115	120	0
416	72	120	0
417	69	120	0
418	55	120	0
419	39	120	0
420	42	120	0
421	44	120	0
422	46	120	0
423	41	120	0
424	51	120	0
425	47	120	0
426	39	120	0
427	44	120	0
428	45	120	0
429	42	120	0
430	44	120	0
431	40	120	0
432	38	120	0
433	42	120	0
434	41	120	0
435	44	120	0
436	37	120	0
437	32	120	0
438	40	120	0
439	44	120	0
440	40	120	0
441	43	120	0
442	41	120	0
443	83	120	0
444	54	120	0
445	41	120	0
446	40	120	0
447	43	120	0
448	40	120	0
449	44	120	0
450	43	120	0
451	43	120	0
452	43	120	0
453	41	120	0
454	39	120	0
455	41	120	0
456	42	120	0
457	39	120	0
458	34	120	0
459	44	120	0
460	44	120	0
461	42	120	0
462	54	120	0
463	43	120	0
464	44	120	0
465	41	120	0
466	40	120	0
467	41	120	0
468	42	120	0
469	30	120	0
470	41	120	0
471	43	120	0
472	50	120	0
473	40	120	0
474	42	120	0
475	41	120	0
476	41	120	0
477	42	120	0
478	38	120	0
479	39	120	0
480	42	120	0
481	31	120	0
482	39	120	0
483	41	120	0
484	43	120	0
485	42	120	0
486	39	120	0
487	41	120	0
488	52	120	0
489	45	120	0
490	43	120	0
491	33	120	0
492	30	120	0
493	44	120	0
494	38	120	0
495	42	120	0
496	37	120	0
497	51	120	0
498	42	120	0
499	43	120	0
500	44	120	0
501	43	120	0
502	41	120	0
503	41	120	0
504	34	120	0
505	1148	120	0
506	112	120	0
507	68	120	0
508	52	120	0
509	48	120	0
510	40	120	0
511	35	120	0
512	35	120	0
513	30	120	0
514	39	120	0
515	41	120	0
516	42	120	0
517	39	120	0
518	1146	120	0
519	107	120	0
520	80	120	0
521	65	120	0
522	48	120	0
523	38	120	0
524	36	120	0
525	32	120	0
526	43	120	0
527	40	120	0
528	32	120	0
529	37	120	0
530	40	120	0
531	43	120	0
532	32	120	0
533	43	120	0
534	30	120	0
535	33	120	0
536	35	120	0
537	41	120	0
538	30	120	0
539	40	120	0
540	33	120	0
541	51	120	0
542	32	120	0
543	31	120	0
544	28	120	0
545	29	120	0
546	43	120	0
547	39	120	0
548	31	120	0
549	42	120	0
550	28	120	0
551	41	120	0
552	29	120	0
553	39	120	0
554	28	120	0
555	39	120	0
556	34	120	0
557	44	120	0
558	46	120	0
559	39	120	0
560	35	120	0
561	30	120	0
562	32	120	0
563	43	120	0
564	34	120	0
565	37	120	0
566	34	120	0
567	40	120	0
568	41	120	0
569	30	120	0
570	44	120	0
571	43	120	0
572	41	120	0
573	40	120	0
574	36	120	0
575	37	120	0
576	43	120	0
577	41	120	0
578	37	120	0
579	30	120	0
580	40	120	0
581	38	120	0
582	29	120	0
583	39	120	0
584	42	120	0
585	37	120	0
586	43	120	0
587	31	120	0
588	41	120	0
589	39	120	0
590	39	120	0
591	30	120	0
592	37	120	0
593	43	120	0
594	33	120	0
595	37	120	0
596	32	120	0
597	29	120	0
598	37	120	0
599	34	120	0
600	39	120	0
601	42	120	0
602	32	120	0
604	150	120	0
604	1142	120	75
605	132	120	0
606	106	120	0
607	64	120	0
608	57	120	0
609	87	120	0
610	69	120	0
611	54	120	0
612	95	120	0
613	48	120	0
614	70	120	0
615	63	120	0
616	106	120	0
617	113	120	0
618	72	120	0
619	49	120	0
620	43	120	0
621	43	120	0
622	44	120	0
623	45	120	0
624	62	120	0
625	57	120	0
626	58	120	0
627	91	120	0
628	68	120	0
629	71	120	0
630	51	120	0
631	84	120	0
632	82	120	0
633	105	120	0
634	71	120	0
635	71	120	0
636	71	120	0
637	88	120	0
638	81	120	0
639	45	120	0
640	54	120	0
641	54	120	0
642	80	120	0
643	131	120	0
644	41	120	0
645	52	120	0
646	46	120	0
647	52	120	0
648	45	120	0
649	83	120	0
650	84	120	0
651	53	120	0
652	46	120	0
653	59	120	0
654	53	120	0
655	72	120	0
656	56	120	0
657	112	120	0
658	43	120	0
659	43	120	0
660	89	120	0
661	58	120	0
662	52	120	0
663	70	120	0
664	89	120	0
665	62	120	0
666	45	120	0
667	43	120	1
668	100	120	0
669	62	120	0
670	104	120	0
671	54	120	0
672	71	120	0
673	57	120	0
674	43	120	0
675	43	120	0
676	45	120	0
677	51	120	0
678	96	120	0
679	51	120	0
680	66	120	0
681	45	120	0
682	55	120	0
683	86	120	0
684	46	120	0
685	53	120	0
686	1140	120	0
687	100	120	0
688	82	120	0
689	1148	120	0
690	1148	120	0
691	1144	120	0
692	775	120	0
693	640	120	0
694	608	120	0
695	371	120	0
696	317	120	0
697	327	120	0
698	203	120	0
699	152	120	0
700	167	120	0
701	90	120	0
702	85	120	0
703	83	120	0
704	53	120	0
705	39	120	0
706	31	120	0
707	41	120	0
708	44	120	0
709	30	120	0
710	40	120	0
711	37	120	0
712	32	120	0
713	29	120	0
714	38	120	0
715	29	120	0
716	39	120	0
717	40	120	0
718	39	120	0
719	40	120	0
720	39	120	0
721	28	120	0
722	28	120	0
723	47	120	0
724	36	120	0
725	1148	120	0
726	40	120	0
727	74	120	0
728	60	120	0
729	39	120	0
730	38	120	0
731	34	120	0
732	26	120	0
733	29	120	0
734	46	120	0
735	32	120	0
736	38	120	0
737	1144	120	0
738	77	120	0
739	78	120	0
740	48	120	0
741	48	120	0
742	27	120	0
743	31	120	0
744	28	120	0
745	16	120	0
746	29	120	0
747	40	120	0
748	28	120	0
749	29	120	0
750	1150	120	0
751	97	120	0
752	68	120	0
753	43	120	0
754	47	120	0
755	1148	120	0
756	66	120	0
757	63	120	0
758	55	120	0
759	55	120	0
760	30	120	0
761	26	120	0
762	38	120	0
763	42	120	0
764	39	120	0
765	13	120	0
766	27	120	0
767	17	120	0
768	28	120	0
769	27	120	0
770	39	120	0
771	39	120	0
772	26	120	0
773	29	120	0
774	26	120	0
775	27	120	0
776	29	120	0
777	29	120	0
778	29	120	0
779	29	120	0
780	29	120	0
781	32	120	0
782	16	120	0
783	37	120	0
784	30	120	0
785	27	120	0
786	28	120	0
787	16	120	0
788	28	120	0
789	29	120	0
790	0	120	0
791	29	120	0
792	29	120	0
793	33	120	0
794	30	120	0
795	35	120	0
796	36	120	0
797	27	120	0
798	26	120	0
799	35	120	0
800	27	120	0
801	29	120	0
802	28	120	0
803	16	120	0
805	150	120	0
805	1138	120	95
806	212	120	0
807	112	120	0
808	142	120	0
809	92	120	0
810	52	120	0
811	53	120	0
812	1148	120	0
813	105	120	0
814	84	120	0
815	70	120	0
816	53	120	0
817	33	120	0
818	46	120	0
819	41	120	0
820	59	120	0
821	44	120	0
822	30	120	0
823	41	120	0
824	42	120	0
825	49	120	0
826	45	120	0
827	42	120	0
828	41	120	0
829	68	120	0
830	40	120	0
831	55	120	0
832	46	120	0
833	47	120	0
834	48	120	0
835	42	120	0
836	51	120	0
837	33	120	0
838	45	120	0
839	55	120	0
840	40	120	0
841	47	120	0
842	40	120	0
843	66	120	0
844	53	120	0
845	52	120	0
846	28	120	0
847	1146	120	0
848	102	120	0
849	64	120	0
850	48	120	0
851	65	120	0
852	56	120	0
853	40	120	0
854	33	120	0
855	42	120	0
856	30	120	0
857	39	120	0
858	30	120	0
859	38	120	0
860	48	120	0
861	51	120	0
862	30	120	0
863	41	120	0
864	1148	120	0
865	110	120	0
866	78	120	0
867	56	120	0
868	51	120	0
869	36	120	0
870	47	120	0
871	36	120	0
872	40	120	0
873	43	120	0
874	42	120	0
875	40	120	0
876	45	120	0
877	52	120	0
878	30	120	0
879	30	120	0
880	41	120	0
881	40	120	0
882	28	120	0
883	32	120	0
884	30	120	0
885	40	120	0
886	31	120	0
887	30	120	0
888	42	120	0
889	37	120	0
890	37	120	0
891	44	120	0
892	31	120	0
893	39	120	0
894	30	120	0
895	43	120	0
896	41	120	0
897	41	120	0
898	55	120	0
899	38	120	0
900	40	120	0
901	36	120	0
902	30	120	0
903	40	120	0
904	44	120	0
905	30	120	0
906	45	120	0
907	30	120	0
908	30	120	0
909	30	120	0
910	29	120	0
911	31	120	0
912	41	120	0
913	41	120	0
914	40	120	0
915	31	120	0
916	31	120	0
917	35	120	0
918	30	120	0
919	39	120	0
920	42	120	0
921	42	120	0
922	43	120	0
923	40	120	0
924	27	120	0
925	1146	120	0
926	95	120	0
927	66	120	0
928	46	120	0
929	46	120	0
930	36	120	0
931	30	120	0
932	28	120	0
933	27	120	0
934	37	120	0
935	35	120	0
936	43	120	0
937	30	120	0
938	32	120	0
939	39	120	0
940	30	120	0
941	27	120	0
942	28	120	0
943	32	120	0
944	30	120	0
945	42	120	0
946	29	120	0
947	45	120	0
948	28	120	0
949	35	120	0
950	39	120	0
951	30	120	0
952	30	120	0
953	32	120	0
954	41	120	0
955	31	120	0
956	35	120	0
957	28	120	0
958	30	120	0
959	51	120	0
960	48	120	0
961	28	120	0
962	41	120	0
963	35	120	0
964	32	120	0
965	36	120	0
966	41	120	0
967	33	120	0
968	26	120	0
969	29	120	0
970	33	120	0
971	39	120	0
972	42	120	0
973	34	120	0
974	40	120	0
975	33	120	0
976	29	120	0
977	39	120	0
978	30	120	0
979	37	120	0
980	29	120	0
981	35	120	0
982	29	120	0
983	31	120	0
984	31	120	0
985	35	120	0
986	35	120	0
987	38	120	0
988	37	120	0
989	29	120	0
990	37	120	0
991	41	120	0
992	36	120	0
993	39	120	0
994	42	120	0
995	31	120	0
996	41	120	0
997	42	120	0
998	29	120	0
999	28	120	0
1000	39	120	0
1001	29	120	0
1002	42	120	0
1003	36	120	0
1004	38	120	0
1006	150	120	0
