1	142	190	0
2	144	190	86
3	143	190	0
4	140	190	0
5	139	190	0
6	138	190	0
7	142	190	0
8	139	190	0
9	148	190	0
10	141	190	0
11	138	190	0
12	136	190	0
13	140	190	0
14	141	190	0
15	139	190	0
16	143	190	0
17	142	190	0
18	137	190	0
19	140	190	0
20	137	190	0
21	140	190	0
22	147	190	0
23	137	190	0
24	1204	190	95
25	137	190	0
26	141	190	0
27	145	190	0
28	140	190	0
29	140	190	0
30	139	190	0
31	140	190	0
32	136	190	0
33	142	190	0
34	142	190	0
35	141	190	0
36	142	190	0
37	144	190	0
38	139	190	0
39	142	190	0
40	141	190	0
41	141	190	0
42	145	190	0
43	140	190	0
44	141	190	0
45	139	190	0
46	137	190	0
47	139	190	0
48	143	190	0
49	1206	190	96
50	143	190	0
51	140	190	0
52	138	190	0
53	137	190	0
54	138	190	0
55	142	190	0
56	138	190	0
57	143	190	0
58	144	190	0
59	142	190	0
60	145	190	0
61	136	190	0
62	143	190	0
63	143	190	0
64	145	190	0
65	142	190	0
66	135	190	0
67	139	190	0
68	140	190	0
69	137	190	0
70	139	190	0
71	136	190	0
72	140	190	0
73	137	190	0
74	146	190	0
75	137	190	0
76	138	190	0
77	140	190	0
78	138	190	0
79	1210	190	113
80	140	190	0
81	182	190	90
82	143	190	78
83	146	190	0
84	139	190	0
85	139	190	0
86	143	190	0
87	137	190	0
88	136	190	0
89	137	190	0
90	141	190	0
91	139	190	0
92	145	190	0
93	1206	190	92
94	144	190	0
95	141	190	80
96	139	190	0
97	139	190	0
98	1204	190	96
99	137	190	0
100	142	190	0
101	139	190	0
102	144	190	0
103	136	190	0
104	138	190	0
105	137	190	0
106	140	190	0
107	142	190	0
108	136	190	0
109	140	190	0
110	139	190	0
111	143	190	0
112	140	190	0
113	138	190	0
114	140	190	0
115	141	190	0
116	1206	190	107
117	140	190	0
118	137	190	0
119	139	190	0
120	143	190	0
121	140	190	0
122	146	190	0
123	141	190	0
124	141	190	0
125	137	190	0
126	145	190	88
127	141	190	0
128	135	190	0
129	143	190	0
130	141	190	0
131	139	190	0
132	1208	190	101
133	140	190	0
134	140	190	0
135	141	190	0
136	139	190	0
137	138	190	0
138	141	190	0
139	1210	190	114
140	141	190	0
141	139	190	0
142	141	190	0
143	144	190	0
144	137	190	0
145	140	190	0
146	141	190	0
147	141	190	0
148	142	190	0
149	141	190	0
150	141	190	0
151	141	190	0
152	139	190	0
153	144	190	0
154	137	190	0
155	141	190	0
156	138	190	0
157	143	190	0
158	145	190	87
159	139	190	0
160	141	190	0
161	140	190	0
162	144	190	0
163	141	190	0
164	141	190	0
165	137	190	0
166	141	190	0
167	141	190	0
168	138	190	0
169	142	190	74
170	143	190	0
171	143	190	0
172	146	190	0
173	144	190	0
174	141	190	0
175	140	190	0
176	138	190	0
177	137	190	0
178	144	190	77
179	148	190	0
180	141	190	0
181	140	190	0
182	141	190	0
183	139	190	0
184	141	190	0
185	143	190	0
186	142	190	0
187	141	190	0
188	141	190	0
189	135	190	0
190	142	190	0
191	145	190	0
192	138	190	0
193	139	190	0
194	138	190	0
195	142	190	0
196	138	190	0
197	140	190	0
198	142	190	0
199	138	190	0
200	137	190	0
201	143	190	0
202	137	190	0
203	140	190	0
204	137	190	0
205	142	190	0
206	139	190	0
207	140	190	0
208	136	190	0
209	136	190	0
210	140	190	0
211	138	190	0
212	137	190	0
213	140	190	0
214	140	190	0
215	140	190	0
216	139	190	0
217	139	190	0
218	138	190	0
219	139	190	0
220	140	190	0
221	145	190	80
222	139	190	0
223	140	190	0
224	140	190	0
225	143	190	0
226	138	190	0
227	140	190	0
228	140	190	0
229	141	190	0
230	139	190	0
231	141	190	0
232	139	190	0
233	142	190	0
234	143	190	0
235	1202	190	96
236	138	190	0
237	138	190	0
238	134	190	0
239	140	190	0
240	138	190	0
241	137	190	0
242	142	190	0
243	143	190	0
244	142	190	0
245	143	190	0
246	142	190	0
247	144	190	78
248	141	190	0
249	138	190	0
250	171	190	86
251	1200	190	102
252	135	190	0
253	140	190	0
254	141	190	0
255	138	190	0
256	140	190	0
257	146	190	82
258	138	190	0
259	142	190	0
260	142	190	0
261	145	190	0
262	136	190	0
263	136	190	0
264	140	190	0
265	140	190	0
266	143	190	85
267	139	190	0
268	142	190	0
269	1208	190	122
270	136	190	0
271	139	190	0
272	139	190	0
273	1208	190	104
274	139	190	0
275	139	190	0
276	141	190	0
277	140	190	0
278	140	190	0
279	140	190	0
280	138	190	0
281	143	190	0
282	137	190	0
283	142	190	0
284	143	190	0
285	141	190	0
286	138	190	0
287	141	190	0
288	143	190	0
289	140	190	0
290	143	190	0
291	146	190	0
292	140	190	0
293	141	190	0
294	1200	190	109
295	140	190	0
296	141	190	0
297	136	190	0
298	141	190	0
299	138	190	0
300	1202	190	104
301	141	190	0
302	141	190	0
303	137	190	0
304	141	190	0
305	142	190	0
306	139	190	0
307	140	190	0
308	139	190	0
309	140	190	0
310	139	190	0
311	144	190	0
312	141	190	81
313	142	190	0
314	137	190	0
315	146	190	0
316	140	190	0
317	139	190	0
318	138	190	0
319	139	190	0
320	144	190	0
321	139	190	0
322	138	190	0
323	137	190	0
324	139	190	0
325	139	190	0
326	139	190	0
327	140	190	0
328	143	190	75
329	138	190	0
330	136	190	0
331	139	190	0
332	141	190	0
333	141	190	0
334	141	190	0
335	140	190	0
336	145	190	0
337	141	190	0
338	1206	190	91
339	145	190	89
340	141	190	0
341	143	190	0
342	1208	190	104
343	140	190	0
344	138	190	0
345	139	190	0
346	138	190	0
347	140	190	0
348	138	190	0
349	139	190	0
350	140	190	0
351	1200	190	95
352	144	190	0
353	141	190	0
354	140	190	0
355	140	190	0
356	140	190	0
357	142	190	0
358	146	190	0
359	147	190	75
360	139	190	0
361	146	190	68
362	139	190	0
363	140	190	0
364	139	190	0
365	140	190	0
366	139	190	0
367	139	190	0
368	140	190	0
369	139	190	0
370	135	190	0
371	144	190	0
372	143	190	0
373	141	190	0
374	142	190	0
375	142	190	0
376	142	190	0
377	142	190	0
378	142	190	0
379	143	190	0
380	141	190	0
381	144	190	76
382	143	190	0
383	141	190	0
384	139	190	0
385	140	190	0
386	142	190	0
387	139	190	0
388	141	190	0
389	146	190	0
390	145	190	82
391	141	190	0
392	143	190	0
393	140	190	0
394	139	190	0
395	139	190	0
396	139	190	0
397	142	190	0
398	136	190	0
399	142	190	0
400	144	190	82
401	139	190	0
402	142	190	0
403	140	190	0
404	141	190	0
405	142	190	0
406	138	190	0
407	139	190	0
408	140	190	0
409	141	190	0
410	138	190	0
411	141	190	0
412	142	190	0
413	138	190	0
414	141	190	0
415	141	190	0
416	1218	190	95
417	140	190	0
418	147	190	0
419	144	190	85
420	137	190	0
421	141	190	0
422	140	190	0
423	138	190	0
424	135	190	0
425	140	190	0
426	139	190	0
427	141	190	0
428	142	190	0
429	142	190	0
430	138	190	0
431	135	190	0
432	145	190	0
433	147	190	86
434	136	190	0
435	136	190	0
436	141	190	0
437	140	190	0
438	137	190	0
439	139	190	0
440	140	190	0
441	137	190	0
442	138	190	0
443	187	190	90
444	140	190	0
445	139	190	0
446	139	190	0
447	143	190	0
448	140	190	0
449	146	190	0
450	139	190	0
451	145	190	0
452	146	190	0
453	140	190	0
454	143	190	0
455	142	190	0
456	139	190	0
457	1208	190	95
458	137	190	0
459	138	190	0
460	142	190	0
461	137	190	0
462	140	190	0
463	144	190	0
464	141	190	0
465	140	190	0
466	138	190	0
467	145	190	0
468	143	190	0
469	136	190	0
470	138	190	0
471	136	190	0
472	139	190	0
473	140	190	0
474	137	190	0
475	145	190	0
476	137	190	0
477	140	190	0
478	143	190	0
479	148	190	89
480	139	190	0
481	143	190	0
482	141	190	0
483	147	190	0
484	144	190	0
485	1208	190	93
486	140	190	0
487	148	190	0
488	142	190	0
489	139	190	0
490	139	190	0
491	144	190	0
492	140	190	0
493	138	190	0
494	139	190	0
495	148	190	83
496	138	190	0
497	1200	190	120
498	143	190	81
499	141	190	0
500	138	190	0
501	140	190	0
502	146	190	84
503	146	190	0
504	138	190	0
505	143	190	0
506	141	190	0
507	140	190	0
508	138	190	0
509	143	190	0
510	140	190	0
511	141	190	0
512	143	190	0
513	139	190	0
514	139	190	0
515	138	190	0
516	141	190	0
517	141	190	0
518	137	190	0
519	1202	190	102
520	142	190	0
521	135	190	0
522	1202	190	97
523	143	190	0
524	140	190	0
525	137	190	0
526	1202	190	96
527	139	190	0
528	140	190	0
529	139	190	0
530	143	190	0
531	140	190	0
532	139	190	0
533	138	190	0
534	139	190	0
535	137	190	0
536	140	190	0
537	143	190	0
538	142	190	76
539	1202	190	100
540	140	190	0
541	144	190	0
542	143	190	0
543	143	190	0
544	135	190	0
545	1198	190	107
546	140	190	0
547	137	190	0
548	143	190	0
549	140	190	0
550	1208	190	105
551	136	190	0
552	137	190	0
553	139	190	0
554	143	190	0
555	142	190	0
556	140	190	0
557	139	190	0
558	141	190	0
559	142	190	0
560	138	190	0
561	146	190	82
562	144	190	0
563	145	190	0
564	143	190	80
565	141	190	0
566	143	190	77
567	142	190	0
568	146	190	89
569	139	190	0
570	136	190	0
571	137	190	0
572	138	190	0
573	136	190	0
574	141	190	0
575	141	190	0
576	142	190	0
577	144	190	0
578	142	190	0
579	1208	190	96
580	138	190	0
581	137	190	0
582	139	190	0
583	143	190	0
584	141	190	0
585	140	190	0
586	138	190	0
587	137	190	0
588	137	190	0
589	140	190	0
590	142	190	0
591	138	190	0
592	135	190	0
593	142	190	0
594	141	190	0
595	1210	190	136
596	140	190	0
597	135	190	0
598	140	190	0
599	139	190	0
600	143	190	0
601	140	190	0
602	143	190	0
603	142	190	0
604	142	190	0
605	144	190	0
606	140	190	0
607	139	190	0
608	138	190	0
609	140	190	0
610	140	190	0
611	142	190	0
612	149	190	0
613	1204	190	99
614	141	190	0
615	142	190	0
616	140	190	0
617	141	190	0
618	138	190	0
619	137	190	0
620	148	190	83
621	140	190	0
622	142	190	0
623	142	190	0
624	141	190	0
625	142	190	0
626	144	190	0
627	140	190	0
628	140	190	0
629	140	190	0
630	137	190	0
631	140	190	0
632	143	190	0
633	137	190	0
634	138	190	0
635	140	190	0
636	139	190	0
637	142	190	0
638	136	190	0
639	140	190	0
640	134	190	0
641	140	190	0
642	142	190	0
643	137	190	0
644	136	190	0
645	144	190	0
646	140	190	0
647	140	190	0
648	139	190	0
649	140	190	0
650	139	190	0
651	143	190	0
652	142	190	0
653	142	190	0
654	136	190	0
655	138	190	0
656	140	190	0
657	139	190	0
658	140	190	0
659	140	190	0
660	141	190	0
661	1200	190	111
662	134	190	0
663	139	190	0
664	138	190	0
665	141	190	0
666	134	190	0
667	143	190	0
668	138	190	0
669	136	190	0
670	143	190	82
671	143	190	0
672	145	190	85
673	138	190	0
674	134	190	0
675	144	190	0
676	141	190	0
677	141	190	0
678	141	190	0
679	141	190	0
680	142	190	0
681	138	190	0
682	1200	190	103
683	141	190	0
684	142	190	0
685	141	190	0
686	138	190	0
687	142	190	0
688	139	190	0
689	140	190	0
690	139	190	0
691	141	190	0
692	1206	190	95
693	138	190	0
694	139	190	0
695	133	190	0
696	137	190	0
697	148	190	89
698	141	190	0
699	134	190	0
700	138	190	0
701	143	190	0
702	140	190	0
703	142	190	0
704	139	190	0
705	143	190	0
706	1208	190	111
707	139	190	0
708	141	190	0
709	140	190	0
710	137	190	0
711	142	190	0
712	142	190	0
713	146	190	89
714	136	190	0
715	1200	190	91
716	138	190	0
717	138	190	0
718	137	190	0
719	145	190	83
720	137	190	0
721	142	190	0
722	136	190	0
723	146	190	0
724	138	190	0
725	140	190	0
726	136	190	0
727	140	190	0
728	140	190	0
729	144	190	0
730	139	190	0
731	141	190	0
732	139	190	0
733	140	190	0
734	136	190	0
735	138	190	0
736	142	190	0
737	138	190	0
738	140	190	0
739	140	190	0
740	141	190	0
741	170	190	90
742	142	190	0
743	140	190	0
744	1208	190	95
745	139	190	0
746	1206	190	102
747	143	190	81
748	136	190	0
749	141	190	0
750	139	190	0
751	144	190	0
752	139	190	0
753	138	190	0
754	141	190	0
755	139	190	0
756	140	190	0
757	143	190	0
758	1208	190	97
759	140	190	0
760	138	190	0
761	139	190	0
762	142	190	0
763	137	190	0
764	143	190	0
765	141	190	0
766	141	190	0
767	140	190	0
768	141	190	0
769	136	190	0
770	136	190	0
771	142	190	0
772	144	190	0
773	135	190	0
774	145	190	80
775	140	190	0
776	1204	190	96
777	139	190	0
778	143	190	0
779	137	190	0
780	141	190	0
781	136	190	0
782	138	190	0
783	137	190	0
784	139	190	0
785	143	190	83
786	145	190	81
787	136	190	0
788	141	190	0
789	148	190	0
790	135	190	0
791	139	190	0
792	139	190	0
793	140	190	0
794	142	190	0
795	138	190	0
796	139	190	0
797	140	190	0
798	138	190	0
799	140	190	0
800	139	190	0
801	139	190	0
802	141	190	0
803	141	190	77
804	143	190	0
805	141	190	0
806	139	190	0
807	141	190	0
808	144	190	0
809	137	190	0
810	1206	190	94
811	139	190	0
812	147	190	0
813	141	190	0
814	142	190	0
815	141	190	0
816	140	190	0
817	140	190	0
818	143	190	0
819	143	190	0
820	140	190	0
821	139	190	0
822	139	190	0
823	135	190	0
824	141	190	0
825	139	190	0
826	136	190	0
827	139	190	0
828	141	190	0
829	142	190	0
830	140	190	0
831	145	190	0
832	144	190	0
833	141	190	0
834	1202	190	115
835	140	190	0
836	137	190	0
837	138	190	0
838	137	190	0
839	142	190	0
840	141	190	0
841	143	190	0
842	147	190	0
843	143	190	0
844	138	190	0
845	139	190	0
846	140	190	0
847	136	190	0
848	143	190	0
849	139	190	0
850	136	190	0
851	142	190	0
852	139	190	0
853	140	190	0
854	146	190	0
855	141	190	0
856	145	190	0
857	141	190	0
858	143	190	0
859	142	190	0
860	141	190	0
861	144	190	85
862	142	190	0
863	139	190	0
864	137	190	0
865	140	190	0
866	138	190	0
867	140	190	0
868	144	190	0
869	142	190	0
870	137	190	0
871	142	190	0
872	145	190	0
873	140	190	0
874	139	190	0
875	141	190	0
876	140	190	0
877	142	190	0
878	137	190	0
879	142	190	0
880	140	190	0
881	1206	190	104
882	141	190	0
883	140	190	0
884	143	190	0
885	141	190	0
886	144	190	0
887	136	190	0
888	145	190	0
889	139	190	0
890	139	190	0
891	142	190	0
892	146	190	0
893	137	190	0
894	138	190	0
895	140	190	0
896	138	190	0
897	139	190	0
898	142	190	0
899	140	190	0
900	140	190	0
901	139	190	0
902	140	190	0
903	140	190	0
904	145	190	84
905	143	190	0
906	139	190	0
907	145	190	0
908	142	190	0
909	139	190	0
910	139	190	0
911	140	190	0
912	139	190	0
913	139	190	0
914	137	190	0
915	138	190	0
916	138	190	0
917	145	190	81
918	138	190	0
919	143	190	0
920	137	190	0
921	140	190	0
922	141	190	0
923	140	190	0
924	141	190	0
925	137	190	72
926	141	190	0
927	1202	190	105
928	141	190	0
929	138	190	0
930	140	190	0
931	140	190	0
932	140	190	0
933	144	190	0
934	138	190	0
935	139	190	0
936	139	190	0
937	138	190	0
938	138	190	0
939	140	190	0
940	143	190	0
941	137	190	0
942	138	190	0
943	145	190	82
944	153	190	90
945	1204	190	93
946	138	190	0
947	142	190	0
948	142	190	0
949	140	190	0
950	141	190	0
951	145	190	0
952	140	190	0
953	141	190	0
954	138	190	0
955	138	190	0
956	139	190	0
957	145	190	0
958	138	190	0
959	139	190	0
960	144	190	0
961	142	190	0
962	138	190	0
963	141	190	0
964	142	190	0
965	143	190	0
966	136	190	0
967	138	190	0
968	137	190	0
969	145	190	80
970	137	190	0
971	141	190	0
972	144	190	0
973	136	190	0
974	142	190	0
975	145	190	85
976	138	190	0
977	136	190	0
978	139	190	0
979	141	190	0
980	138	190	0
981	139	190	0
982	1204	190	104
983	138	190	0
984	145	190	0
985	141	190	0
986	140	190	0
987	148	190	86
988	139	190	0
989	142	190	0
990	140	190	0
991	144	190	80
992	139	190	0
993	142	190	0
994	142	190	0
995	141	190	0
996	140	190	0
997	140	190	0
998	144	190	0
999	139	190	0
1000	140	190	0
